0.0555556 335.5716153156426 496.57281280133276 198.0951116944819 0.2533696782159547
0 338.77930577586324 487.10480155117676 193.23991957067443 0.2603627724369495
0 338.77930577586324 487.10480155117676 193.23991957067443 0.2603627724369495
0.0555556 335.5716153156426 496.57281280133276 198.0951116944819 0.2533696782159547
0.125 331.6530774369367 507.9589699721689 204.04321761059032 0.2447337772863189
0.125 331.6530774369367 507.9589699721689 204.04321761059032 0.2447337772863189
0.25 326.05340173485513 520.5865596780603 210.95252908440324 0.23389504249501303
0.25 326.05340173485513 520.5865596780603 210.95252908440324 0.23389504249501303
0.375 309.72689035115354 509.5099270961643 207.82269875116583 0.22582838678805794
0.375 309.72689035115354 509.5099270961643 207.82269875116583 0.22582838678805794
0.5 284.1947539969705 449.7770243519048 181.91519055830292 0.2362272303140992
0.5 284.1947539969705 449.7770243519048 181.91519055830292 0.2362272303140992
0.75 283.339564820756 435.51921925343714 175.07355130209913 0.24381785830666242
0.75 283.339564820756 435.51921925343714 175.07355130209913 0.24381785830666242
1 280.3546085442759 436.79127517495715 176.0780796504024 0.24033404965056632
1 280.3546085442759 436.79127517495715 176.0780796504024 0.24033404965056632
